## htsjdk.samtools.metrics.StringHeader
# MarkDuplicates --INPUT Plus_cre_p53mut.sorted.bam --OUTPUT Plus_cre_p53mut.markdup.sorted.bam --METRICS_FILE Plus_cre_p53mut.markdup.sorted.MarkDuplicates.metrics.txt --REMOVE_DUPLICATES false --ASSUME_SORTED true --TMP_DIR tmp --VALIDATION_STRINGENCY LENIENT --REFERENCE_SEQUENCE Mus_musculus.GRCm39.dna_sm.primary_assembly.fa --MAX_SEQUENCES_FOR_DISK_READ_ENDS_MAP 50000 --MAX_FILE_HANDLES_FOR_READ_ENDS_MAP 8000 --SORTING_COLLECTION_SIZE_RATIO 0.25 --TAG_DUPLICATE_SET_MEMBERS false --REMOVE_SEQUENCING_DUPLICATES false --TAGGING_POLICY DontTag --CLEAR_DT true --DUPLEX_UMI false --FLOW_MODE false --FLOW_QUALITY_SUM_STRATEGY false --USE_END_IN_UNPAIRED_READS false --USE_UNPAIRED_CLIPPED_END false --UNPAIRED_END_UNCERTAINTY 0 --FLOW_SKIP_FIRST_N_FLOWS 0 --FLOW_Q_IS_KNOWN_END false --FLOW_EFFECTIVE_QUALITY_THRESHOLD 15 --ADD_PG_TAG_TO_READS true --DUPLICATE_SCORING_STRATEGY SUM_OF_BASE_QUALITIES --PROGRAM_RECORD_ID MarkDuplicates --PROGRAM_GROUP_NAME MarkDuplicates --READ_NAME_REGEX <optimized capture of last three ':' separated fields as numeric values> --OPTICAL_DUPLICATE_PIXEL_DISTANCE 100 --MAX_OPTICAL_DUPLICATE_SET_SIZE 300000 --VERBOSITY INFO --QUIET false --COMPRESSION_LEVEL 5 --MAX_RECORDS_IN_RAM 500000 --CREATE_INDEX false --CREATE_MD5_FILE false --help false --version false --showHidden false --USE_JDK_DEFLATER false --USE_JDK_INFLATER false
## htsjdk.samtools.metrics.StringHeader
# Started on: Tue May 20 03:54:36 GMT 2025

## METRICS CLASS	picard.sam.DuplicationMetrics
LIBRARY	UNPAIRED_READS_EXAMINED	READ_PAIRS_EXAMINED	SECONDARY_OR_SUPPLEMENTARY_RDS	UNMAPPED_READS	UNPAIRED_READ_DUPLICATES	READ_PAIR_DUPLICATES	READ_PAIR_OPTICAL_DUPLICATES	PERCENT_DUPLICATION	ESTIMATED_LIBRARY_SIZE
Unknown Library	20	60675806	10934572	0	19	19762760	9071195	0.325711	106667238

## HISTOGRAM	java.lang.Double
BIN	CoverageMult	all_sets	optical_sets	non_optical_sets
1.0	1.131027	30404965	0	35652103
2.0	1.771398	6951921	5166695	3646013
3.0	2.133967	2009217	1136621	788181
4.0	2.339249	711546	296533	307106
5.0	2.455477	304923	86523	157351
6.0	2.521283	155956	29615	93047
7.0	2.558542	91852	11803	60146
8.0	2.579637	59727	5520	41533
9.0	2.591581	41357	3099	30216
10.0	2.598343	30452	1940	22480
11.0	2.602172	23459	1297	17521
12.0	2.60434	18107	863	13762
13.0	2.605567	14643	640	11020
14.0	2.606262	11953	534	8891
15.0	2.606656	9732	385	7195
16.0	2.606879	7986	331	6064
17.0	2.607005	6758	275	5361
18.0	2.607076	5788	196	4414
19.0	2.607117	4998	175	3811
20.0	2.607139	4221	142	3310
21.0	2.607152	3783	130	2797
22.0	2.60716	3290	107	2617
23.0	2.607164	2917	99	2188
24.0	2.607166	2545	85	1993
25.0	2.607168	2329	60	1713
26.0	2.607168	2016	60	1550
27.0	2.607169	1820	58	1419
28.0	2.607169	1632	36	1335
29.0	2.607169	1494	41	1137
30.0	2.607169	1333	36	1047
31.0	2.607169	1246	26	963
32.0	2.607169	1154	30	899
33.0	2.607169	1014	20	802
34.0	2.607169	1020	21	748
35.0	2.607169	921	22	658
36.0	2.607169	792	16	641
37.0	2.607169	723	10	607
38.0	2.607169	676	10	497
39.0	2.607169	625	14	499
40.0	2.607169	617	19	479
41.0	2.607169	559	17	449
42.0	2.607169	480	9	405
43.0	2.607169	488	10	338
44.0	2.607169	446	15	388
45.0	2.607169	411	5	341
46.0	2.607169	394	6	305
47.0	2.607169	368	11	293
48.0	2.607169	366	8	272
49.0	2.607169	359	9	232
50.0	2.607169	319	10	257
51.0	2.607169	291	5	219
52.0	2.607169	262	3	198
53.0	2.607169	265	4	203
54.0	2.607169	255	5	187
55.0	2.607169	258	5	189
56.0	2.607169	198	2	169
57.0	2.607169	200	3	166
58.0	2.607169	212	6	158
59.0	2.607169	182	6	133
60.0	2.607169	181	3	155
61.0	2.607169	205	1	140
62.0	2.607169	183	2	142
63.0	2.607169	154	1	116
64.0	2.607169	143	3	118
65.0	2.607169	149	0	95
66.0	2.607169	133	3	102
67.0	2.607169	132	4	114
68.0	2.607169	102	1	94
69.0	2.607169	129	2	87
70.0	2.607169	102	0	85
71.0	2.607169	93	1	70
72.0	2.607169	88	1	88
73.0	2.607169	118	4	78
74.0	2.607169	90	0	72
75.0	2.607169	90	3	75
76.0	2.607169	81	1	70
77.0	2.607169	91	1	67
78.0	2.607169	85	1	68
79.0	2.607169	81	1	77
80.0	2.607169	90	0	60
81.0	2.607169	69	0	46
82.0	2.607169	65	0	46
83.0	2.607169	72	2	43
84.0	2.607169	68	1	63
85.0	2.607169	58	1	60
86.0	2.607169	75	2	49
87.0	2.607169	60	1	44
88.0	2.607169	51	0	50
89.0	2.607169	49	1	37
90.0	2.607169	38	1	47
91.0	2.607169	55	2	28
92.0	2.607169	45	0	26
93.0	2.607169	44	1	40
94.0	2.607169	53	0	38
95.0	2.607169	40	0	32
96.0	2.607169	34	0	26
97.0	2.607169	44	0	27
98.0	2.607169	38	0	31
99.0	2.607169	42	0	23
100.0	2.607169	36	1	30
101.0	0	40	1	25
102.0	0	41	0	26
103.0	0	35	1	24
104.0	0	38	1	24
105.0	0	31	0	25
106.0	0	31	1	19
107.0	0	23	0	24
108.0	0	30	0	25
109.0	0	28	1	27
110.0	0	21	0	14
111.0	0	23	0	23
112.0	0	27	0	22
113.0	0	26	0	15
114.0	0	23	0	15
115.0	0	29	0	24
116.0	0	26	0	18
117.0	0	17	1	21
118.0	0	21	0	19
119.0	0	27	0	16
120.0	0	24	0	10
121.0	0	22	0	19
122.0	0	20	0	12
123.0	0	21	0	13
124.0	0	18	0	15
125.0	0	9	1	17
126.0	0	14	0	16
127.0	0	20	0	20
128.0	0	17	0	14
129.0	0	15	0	10
130.0	0	19	2	15
131.0	0	20	0	10
132.0	0	17	0	10
133.0	0	17	0	12
134.0	0	14	0	5
135.0	0	16	0	19
136.0	0	14	0	11
137.0	0	10	0	10
138.0	0	11	0	9
139.0	0	13	0	11
140.0	0	14	0	6
141.0	0	15	1	11
142.0	0	17	1	8
143.0	0	15	0	13
144.0	0	14	0	6
145.0	0	12	0	6
146.0	0	13	0	12
147.0	0	11	0	10
148.0	0	6	0	7
149.0	0	15	0	11
150.0	0	10	0	7
151.0	0	9	0	9
152.0	0	6	0	9
153.0	0	9	0	11
154.0	0	10	0	8
155.0	0	10	0	10
156.0	0	7	0	5
157.0	0	9	0	6
158.0	0	11	0	4
159.0	0	10	0	15
160.0	0	8	0	6
161.0	0	10	0	9
162.0	0	10	0	4
163.0	0	7	0	8
164.0	0	8	0	7
165.0	0	7	0	5
166.0	0	8	0	4
167.0	0	8	0	2
168.0	0	14	0	8
169.0	0	12	0	4
170.0	0	3	0	7
171.0	0	7	0	4
172.0	0	6	0	5
173.0	0	7	0	5
174.0	0	8	0	6
175.0	0	6	0	1
176.0	0	3	0	1
177.0	0	10	0	7
178.0	0	5	0	8
179.0	0	3	0	2
180.0	0	5	0	2
181.0	0	6	0	2
182.0	0	3	0	9
183.0	0	7	0	5
184.0	0	3	0	5
185.0	0	4	0	6
186.0	0	8	0	2
187.0	0	3	0	0
188.0	0	4	0	4
189.0	0	4	0	4
190.0	0	5	0	6
191.0	0	4	0	2
192.0	0	8	0	3
193.0	0	4	0	3
194.0	0	3	0	4
195.0	0	3	0	3
196.0	0	1	0	0
197.0	0	6	0	5
198.0	0	3	0	4
199.0	0	3	0	1
200.0	0	7	0	1
201.0	0	3	0	3
202.0	0	3	0	4
203.0	0	3	0	5
204.0	0	0	0	1
205.0	0	2	0	3
206.0	0	3	0	3
207.0	0	4	0	3
208.0	0	2	0	1
209.0	0	3	0	3
210.0	0	4	0	3
211.0	0	3	0	2
212.0	0	7	0	1
213.0	0	5	0	6
214.0	0	2	0	4
215.0	0	5	0	5
216.0	0	4	0	0
217.0	0	4	0	1
218.0	0	1	0	5
219.0	0	4	0	1
220.0	0	4	0	0
221.0	0	4	0	6
222.0	0	3	0	2
223.0	0	2	0	1
224.0	0	2	0	2
225.0	0	1	0	3
226.0	0	1	0	1
227.0	0	3	0	1
228.0	0	4	0	2
229.0	0	5	0	3
230.0	0	3	0	2
231.0	0	3	0	2
232.0	0	8	0	1
233.0	0	4	0	2
234.0	0	4	0	0
235.0	0	1	0	3
236.0	0	0	0	1
237.0	0	3	0	3
238.0	0	2	0	1
239.0	0	1	0	0
240.0	0	3	0	3
241.0	0	3	1	2
242.0	0	2	0	3
243.0	0	0	0	2
245.0	0	4	0	1
246.0	0	2	0	2
247.0	0	3	0	1
248.0	0	1	0	0
249.0	0	1	0	3
250.0	0	1	0	1
251.0	0	0	0	1
252.0	0	1	0	0
253.0	0	1	0	0
254.0	0	1	0	3
255.0	0	3	0	2
256.0	0	2	0	1
257.0	0	3	0	1
258.0	0	0	0	1
259.0	0	1	0	1
260.0	0	0	0	1
262.0	0	3	0	2
263.0	0	2	0	5
264.0	0	1	0	2
265.0	0	2	0	3
266.0	0	1	0	0
267.0	0	2	0	1
268.0	0	0	0	1
269.0	0	2	0	0
270.0	0	1	0	2
271.0	0	4	0	4
272.0	0	0	0	1
273.0	0	2	0	4
274.0	0	4	0	2
275.0	0	4	0	3
277.0	0	2	0	0
278.0	0	1	0	0
279.0	0	1	0	0
280.0	0	1	0	1
281.0	0	4	0	3
282.0	0	2	0	1
283.0	0	1	0	1
284.0	0	0	0	1
285.0	0	0	0	1
286.0	0	1	0	1
287.0	0	1	0	0
288.0	0	2	0	1
289.0	0	1	0	0
290.0	0	2	0	3
291.0	0	0	0	1
292.0	0	3	0	1
293.0	0	1	0	1
294.0	0	3	0	2
295.0	0	3	0	0
296.0	0	2	0	1
298.0	0	1	0	2
299.0	0	1	0	0
300.0	0	1	0	1
301.0	0	2	0	2
302.0	0	1	0	0
304.0	0	1	0	1
306.0	0	2	0	1
308.0	0	2	0	0
309.0	0	0	0	1
310.0	0	2	0	2
311.0	0	2	0	2
313.0	0	1	0	1
314.0	0	3	0	2
315.0	0	1	0	0
316.0	0	1	0	0
318.0	0	1	0	1
319.0	0	1	0	0
320.0	0	1	0	0
321.0	0	1	0	0
322.0	0	1	0	0
325.0	0	1	0	0
327.0	0	0	0	1
329.0	0	0	0	1
330.0	0	0	0	1
334.0	0	0	0	1
335.0	0	1	0	0
336.0	0	1	0	3
337.0	0	0	0	1
338.0	0	0	0	1
339.0	0	0	0	1
341.0	0	1	0	1
342.0	0	2	0	2
345.0	0	0	0	2
346.0	0	2	0	0
347.0	0	3	0	0
348.0	0	1	0	0
349.0	0	1	0	0
350.0	0	1	0	1
351.0	0	2	0	0
354.0	0	1	0	1
356.0	0	1	0	1
358.0	0	2	0	0
359.0	0	1	0	0
360.0	0	1	0	0
361.0	0	1	0	1
362.0	0	1	0	1
364.0	0	1	0	1
365.0	0	0	0	1
366.0	0	0	0	1
369.0	0	1	0	1
370.0	0	0	0	1
372.0	0	2	0	1
373.0	0	0	0	1
374.0	0	0	0	1
375.0	0	1	0	0
378.0	0	1	0	1
379.0	0	0	0	1
381.0	0	2	0	0
382.0	0	1	0	1
384.0	0	2	0	0
388.0	0	0	0	1
389.0	0	2	0	0
390.0	0	0	0	1
391.0	0	1	0	1
393.0	0	0	0	1
394.0	0	0	1	0
395.0	0	1	0	0
396.0	0	1	0	0
397.0	0	0	0	1
399.0	0	1	0	0
400.0	0	1	0	0
401.0	0	1	0	0
403.0	0	1	0	0
405.0	0	0	0	1
408.0	0	1	0	0
410.0	0	1	0	0
411.0	0	2	0	0
412.0	0	1	0	1
414.0	0	0	0	1
415.0	0	3	0	0
419.0	0	2	0	0
420.0	0	0	0	1
429.0	0	0	0	1
430.0	0	1	0	0
432.0	0	1	0	0
438.0	0	0	0	1
443.0	0	1	0	0
444.0	0	0	0	1
445.0	0	0	0	1
446.0	0	1	0	1
456.0	0	1	0	0
465.0	0	0	0	1
471.0	0	2	0	0
487.0	0	0	0	1
489.0	0	1	0	0
494.0	0	0	0	1
498.0	0	0	0	1
502.0	0	3	0	0
504.0	0	1	0	0
506.0	0	0	0	1
509.0	0	0	0	2
512.0	0	0	0	1
514.0	0	1	0	0
517.0	0	1	0	0
523.0	0	0	0	1
530.0	0	1	0	1
537.0	0	1	0	0
540.0	0	1	0	0
543.0	0	0	0	1
545.0	0	1	0	0
547.0	0	0	0	1
557.0	0	0	0	1
562.0	0	1	0	0
573.0	0	1	0	0
582.0	0	1	0	0
586.0	0	1	0	0
587.0	0	0	0	1
602.0	0	0	0	1
612.0	0	1	0	0
617.0	0	1	0	0
627.0	0	1	0	0
630.0	0	0	0	1
633.0	0	0	0	1
638.0	0	1	0	0
652.0	0	1	0	0
670.0	0	1	0	0
679.0	0	1	0	0
697.0	0	0	0	1
703.0	0	1	0	0
710.0	0	0	0	1
737.0	0	0	0	1
744.0	0	1	0	0
753.0	0	0	0	1
800.0	0	1	0	0
806.0	0	0	0	1
809.0	0	1	0	0
827.0	0	1	0	0
828.0	0	0	0	1
857.0	0	0	0	1
896.0	0	1	0	0
897.0	0	0	0	1
900.0	0	1	0	0
927.0	0	0	0	1
928.0	0	0	0	1
930.0	0	1	0	0
936.0	0	0	0	1
944.0	0	0	0	1
1002.0	0	1	0	0
1018.0	0	1	0	0
1026.0	0	1	0	0
1057.0	0	1	0	0
1137.0	0	1	0	0
1709.0	0	0	0	1
2102.0	0	1	0	0

